<?xml version="1.0" standalone="no"?>
<!DOCTYPE svg PUBLIC "-//W3C//DTD SVG 20010904//EN"
 "http://www.w3.org/TR/2001/REC-SVG-20010904/DTD/svg10.dtd">
<svg version="1.0" xmlns="http://www.w3.org/2000/svg"
 width="512.000000pt" height="512.000000pt" viewBox="0 0 512.000000 512.000000"
 preserveAspectRatio="xMidYMid meet">

<g transform="translate(0.000000,512.000000) scale(0.100000,-0.100000)"
fill="#000000" stroke="none">
<path d="M2330 5109 c-502 -47 -988 -244 -1376 -557 -733 -591 -1080 -1533
-908 -2468 57 -313 185 -637 357 -901 l63 -98 -22 -50 c-54 -119 -50 -256 11
-381 103 -211 366 -307 580 -210 l50 22 95 -61 c318 -205 678 -335 1070 -387
148 -19 499 -16 655 6 741 105 1391 515 1798 1136 84 129 210 380 260 519 197
549 207 1137 27 1681 -73 223 -152 390 -275 580 l-61 95 22 50 c53 118 49 258
-11 381 -103 211 -366 307 -580 210 l-50 -22 -100 65 c-459 298 -1054 443
-1605 390z m430 -300 c345 -32 678 -141 978 -322 87 -52 102 -65 97 -82 -3
-11 -11 -48 -17 -83 -31 -176 77 -380 245 -462 106 -51 216 -59 342 -25 17 4
30 -11 77 -87 159 -259 266 -556 315 -873 23 -153 23 -468 -1 -630 -147 -1003
-918 -1774 -1921 -1921 -162 -24 -477 -24 -630 -1 -317 49 -614 156 -873 315
-76 47 -91 60 -87 77 22 82 27 141 16 208 -33 198 -180 345 -378 378 -67 11
-126 6 -208 -16 -17 -4 -30 11 -77 87 -275 447 -386 983 -313 1508 92 655 471
1236 1045 1600 252 160 611 286 910 319 52 6 109 13 125 15 68 7 247 5 355 -5z
m1584 -418 c66 -44 88 -140 46 -208 -55 -90 -199 -87 -254 6 -39 67 -16 163
47 201 42 26 122 27 161 1z m-3409 -3410 c63 -36 87 -130 51 -199 -49 -95
-196 -98 -257 -6 -34 52 -21 155 25 193 49 41 122 45 181 12z"/>
<path d="M2215 4208 c-2 -7 -24 -91 -48 -187 l-43 -174 -82 -35 -83 -34 -147
88 c-81 48 -155 92 -165 98 -14 9 -52 -24 -257 -229 -132 -132 -240 -243 -240
-247 0 -3 43 -79 96 -167 l96 -160 -34 -83 -35 -82 -184 -46 -184 -46 0 -344
0 -344 184 -46 184 -46 35 -82 34 -83 -96 -160 c-53 -88 -96 -164 -96 -167 0
-4 108 -115 240 -247 205 -205 243 -238 257 -229 10 6 84 50 165 98 l147 88
83 -34 82 -35 46 -184 46 -184 344 0 344 0 46 184 46 184 82 35 83 34 160 -96
c88 -53 164 -96 167 -96 4 0 115 108 247 240 205 205 238 243 229 257 -6 10
-50 84 -98 165 l-88 147 34 83 35 82 184 46 184 46 0 344 0 344 -184 46 -184
46 -35 82 -34 83 96 160 c53 88 96 164 96 167 0 4 -108 115 -240 247 -205 205
-243 238 -257 229 -10 -6 -84 -50 -165 -98 l-147 -88 -83 34 -82 35 -46 184
-46 184 -342 3 c-269 2 -343 0 -347 -10z m453 -305 c5 -10 24 -79 42 -153 18
-74 36 -138 39 -143 4 -4 46 -18 94 -32 87 -26 192 -71 278 -120 l45 -26 138
82 137 82 76 -76 76 -76 -82 -137 -82 -138 26 -45 c49 -86 94 -191 120 -278
14 -48 28 -90 32 -94 5 -3 77 -23 161 -44 l152 -37 0 -108 0 -108 -152 -37
c-84 -21 -156 -41 -161 -44 -4 -4 -18 -46 -32 -94 -26 -87 -71 -192 -120 -278
l-26 -45 82 -138 82 -137 -76 -76 -76 -76 -137 82 -138 82 -45 -26 c-86 -49
-191 -94 -278 -120 -48 -14 -90 -28 -94 -32 -3 -5 -21 -69 -39 -143 -18 -74
-37 -143 -42 -152 -7 -15 -24 -18 -108 -18 -84 0 -101 3 -108 18 -5 9 -24 78
-42 152 -18 74 -36 138 -39 143 -4 4 -46 18 -94 32 -87 26 -192 71 -278 120
l-45 26 -138 -82 -137 -82 -76 76 -76 76 82 137 82 138 -26 45 c-49 86 -94
191 -120 278 -14 48 -28 90 -32 94 -5 3 -77 23 -160 44 l-153 37 0 108 0 108
153 37 c83 21 155 41 160 44 4 4 18 46 32 94 26 87 71 192 120 278 l26 45 -82
138 -82 137 76 76 76 76 137 -82 138 -82 45 26 c79 45 170 85 254 111 45 14
91 29 102 33 16 7 27 36 54 147 18 77 38 147 43 157 7 14 24 17 108 17 84 0
101 -3 108 -17z"/>
<path d="M2382 3291 c-40 -10 -110 -37 -155 -59 -156 -78 -265 -188 -342 -347
-53 -110 -75 -205 -75 -325 0 -120 22 -215 75 -325 78 -162 188 -272 350 -350
110 -53 205 -75 325 -75 120 0 215 22 325 75 162 78 272 188 350 350 53 110
75 205 75 325 0 120 -22 215 -75 325 -78 162 -188 272 -350 350 -49 24 -122
50 -162 59 -95 21 -248 19 -341 -3z m307 -300 c83 -26 137 -60 198 -123 82
-88 123 -189 123 -308 0 -119 -41 -220 -123 -308 -183 -193 -476 -190 -660 7
-157 167 -157 435 0 602 122 130 300 181 462 130z"/>
</g>
</svg>
